%YAML:1.0
---
test: !!opencv-matrix
   rows: 1
   cols: 200
   dt: f
   data: [ 4.40528616e-03, 4.40528616e-03, 4.40528616e-03, 0.,
       1.76211447e-02, 0., 1.76211447e-02, 8.81057233e-03,
       2.20264308e-02, 0., 1.76211447e-02, 4.40528616e-03, 0.,
       1.76211447e-02, 0., 4.40528616e-03, 4.40528616e-03, 0.,
       3.96475755e-02, 0., 0., 4.40528616e-03, 1.76211447e-02, 0.,
       4.40528616e-03, 8.81057233e-03, 0., 0., 0., 0., 0., 0.,
       1.32158585e-02, 0., 4.40528616e-03, 8.81057233e-03,
       4.40528616e-03, 0., 0., 0., 0., 0., 8.81057233e-03,
       4.40528616e-03, 0., 4.40528616e-03, 4.40528616e-03,
       1.76211447e-02, 8.81057233e-03, 1.32158585e-02, 4.40528616e-03,
       4.40528616e-03, 4.40528616e-03, 0., 1.32158585e-02, 0.,
       4.40528616e-03, 0., 4.40528616e-03, 4.40528616e-03, 0., 0.,
       4.40528616e-03, 8.81057233e-03, 0., 4.40528616e-03, 0., 0., 0.,
       8.81057233e-03, 4.40528616e-03, 8.81057233e-03, 0.,
       8.81057233e-03, 2.20264308e-02, 0., 8.81057233e-03, 0., 0.,
       1.32158585e-02, 0., 4.40528616e-03, 4.40528616e-03,
       8.81057233e-03, 0., 1.32158585e-02, 1.76211447e-02,
       4.40528616e-03, 1.32158585e-02, 4.40528616e-03, 0., 0., 0., 0.,
       0., 1.32158585e-02, 4.40528616e-03, 1.76211447e-02,
       4.40528616e-03, 0., 4.40528616e-03, 8.81057233e-03, 0.,
       8.81057233e-03, 8.81057233e-03, 0., 0., 4.40528616e-03,
       4.40528616e-03, 4.40528616e-03, 4.40528616e-03, 0.,
       8.81057233e-03, 8.81057233e-03, 0., 4.40528616e-03,
       4.40528616e-03, 1.32158585e-02, 0., 4.40528616e-03, 0.,
       8.81057233e-03, 4.40528616e-03, 8.81057233e-03, 4.40528616e-03,
       8.81057233e-03, 0., 0., 4.40528616e-03, 0., 8.81057233e-03,
       4.40528616e-03, 4.40528616e-03, 0., 8.81057233e-03, 0., 0.,
       4.40528616e-03, 0., 1.32158585e-02, 1.32158585e-02,
       4.40528616e-03, 0., 4.40528616e-03, 0., 0., 0., 4.40528616e-03,
       4.40528616e-03, 4.40528616e-03, 0., 0., 8.81057233e-03, 0.,
       8.81057233e-03, 4.40528616e-03, 8.81057233e-03, 0., 0., 0., 0.,
       0., 4.40528616e-03, 8.81057233e-03, 3.08370031e-02,
       4.40528616e-03, 1.32158585e-02, 0., 3.08370031e-02, 0., 0., 0.,
       0., 8.81057233e-03, 0., 0., 1.32158585e-02, 4.40528616e-03, 0.,
       8.81057233e-03, 8.81057233e-03, 0., 0., 8.81057233e-03,
       8.81057233e-03, 0., 0., 4.40528616e-03, 1.76211447e-02,
       4.40528616e-03, 4.40528616e-03, 0., 2.20264308e-02,
       4.40528616e-03, 0., 4.40528616e-03, 0., 0., 0., 4.40528616e-03 ]
