%YAML:1.0
---
test: !!opencv-matrix
   rows: 1
   cols: 200
   dt: f
   data: [ 8.52272753e-03, 0., 8.52272753e-03, 0., 3.40909101e-02,
       5.68181835e-03, 2.84090918e-03, 0., 0., 5.68181835e-03, 0.,
       2.84090918e-03, 0., 5.68181835e-03, 0., 2.84090918e-03, 0., 0.,
       2.84090918e-03, 2.84090918e-03, 5.68181835e-03, 0.,
       5.68181835e-03, 0., 0., 2.84090918e-03, 0., 0., 0.,
       2.84090918e-03, 0., 2.27272734e-02, 2.84090918e-03,
       5.68181835e-03, 2.27272734e-02, 2.84090918e-03, 0.,
       2.84090918e-03, 1.13636367e-02, 2.84090918e-03, 3.12500000e-02,
       8.52272753e-03, 0., 0., 5.68181835e-03, 5.68181835e-03,
       1.13636367e-02, 5.68181835e-03, 1.42045459e-02, 5.68181835e-03,
       0., 6.53409138e-02, 2.84090918e-03, 2.84090918e-03, 0.,
       2.84090918e-03, 0., 0., 0., 0., 0., 0., 1.70454551e-02, 0.,
       2.84090918e-03, 2.84090918e-03, 0., 5.68181835e-03, 0.,
       5.68181835e-03, 0., 2.84090918e-03, 2.84090918e-03, 0.,
       5.68181835e-03, 2.55681835e-02, 1.42045459e-02, 0., 0.,
       5.68181835e-03, 0., 0., 8.52272753e-03, 2.84090918e-03,
       8.52272753e-03, 0., 1.13636367e-02, 0., 0., 1.42045459e-02,
       5.68181835e-03, 0., 0., 2.84090918e-03, 2.84090918e-03, 0.,
       1.13636367e-02, 5.68181835e-03, 5.68181835e-03, 3.40909101e-02,
       0., 0., 5.68181835e-03, 2.84090918e-03, 0., 0., 2.84090918e-03,
       1.13636367e-02, 0., 0., 0., 0., 1.98863633e-02, 8.52272753e-03,
       0., 0., 2.84090918e-03, 2.84090918e-03, 1.13636367e-02, 0., 0.,
       0., 0., 1.13636367e-02, 5.68181835e-03, 2.84090918e-03, 0.,
       1.13636367e-02, 0., 2.27272734e-02, 0., 0., 0., 0., 0.,
       5.68181835e-03, 1.13636367e-02, 2.84090918e-03, 8.52272753e-03,
       8.52272753e-03, 3.12500000e-02, 0., 8.52272753e-03, 0.,
       1.13636367e-02, 0., 8.52272753e-03, 2.84090918e-03, 0., 0., 0.,
       0., 2.84090918e-03, 1.13636367e-02, 0., 0., 8.52272753e-03,
       8.52272753e-03, 0., 0., 0., 0., 8.52272753e-03, 0.,
       3.12500000e-02, 0., 0., 0., 0., 8.52272753e-03, 1.13636367e-02,
       0., 1.13636367e-02, 2.84090918e-03, 2.84090918e-03,
       2.55681835e-02, 0., 0., 0., 0., 0., 5.68181835e-03, 0., 0.,
       2.84090918e-03, 0., 5.68181835e-03, 5.68181835e-03,
       8.52272753e-03, 8.52272753e-03, 5.68181835e-03, 1.70454551e-02,
       5.68181835e-03, 1.13636367e-02, 0., 0., 5.68181835e-03, 0., 0.,
       2.27272734e-02 ]
