%YAML:1.0
---
test: !!opencv-matrix
   rows: 1
   cols: 200
   dt: f
   data: [ 1.84757505e-02, 0., 0., 1.15473438e-02, 2.30946881e-03,
       2.30946881e-03, 2.54041571e-02, 0., 2.07852200e-02,
       9.23787523e-03, 9.23787523e-03, 4.61893762e-03, 0.,
       9.23787523e-03, 6.92840666e-03, 6.92840666e-03, 0.,
       6.92840666e-03, 2.07852200e-02, 4.61893762e-03, 9.23787523e-03,
       4.61893762e-03, 2.30946881e-03, 2.30946881e-03, 0.,
       6.92840666e-03, 2.30946881e-03, 0., 9.23787523e-03,
       9.23787523e-03, 2.30946881e-03, 0., 4.61893762e-03,
       2.30946881e-03, 6.92840666e-03, 1.15473438e-02, 0.,
       1.15473438e-02, 2.30946881e-03, 2.77136266e-02, 6.92840666e-03,
       9.23787523e-03, 0., 4.61893762e-03, 4.61893762e-03,
       4.61893762e-03, 0., 9.23787523e-03, 4.61893762e-03,
       2.30946881e-03, 1.38568133e-02, 4.61893762e-03, 0.,
       4.61893762e-03, 0., 0., 1.61662810e-02, 4.61893762e-03,
       2.30946881e-03, 9.23787523e-03, 6.92840666e-03, 0.,
       4.61893762e-03, 6.92840666e-03, 1.61662810e-02, 4.61893762e-03,
       4.61893762e-03, 2.30946881e-03, 0., 1.38568133e-02,
       6.92840666e-03, 0., 4.61893762e-03, 1.38568133e-02, 0.,
       1.15473438e-02, 4.61893762e-03, 6.92840666e-03, 9.23787523e-03,
       2.30946876e-02, 1.15473438e-02, 6.92840666e-03, 0.,
       2.30946881e-03, 4.61893762e-03, 0., 1.15473438e-02,
       2.30946881e-03, 4.61893762e-03, 2.30946881e-03, 0.,
       2.30946881e-03, 1.61662810e-02, 6.92840666e-03, 0.,
       2.30946881e-03, 4.61893762e-03, 0., 4.61893762e-03, 0., 0.,
       6.92840666e-03, 4.61893762e-03, 2.30946881e-03, 0., 0.,
       6.92840666e-03, 0., 0., 1.61662810e-02, 0., 2.30946881e-03,
       9.23787523e-03, 2.30946881e-03, 4.61893762e-03, 4.61893762e-03,
       9.23787523e-03, 6.92840666e-03, 2.30946881e-03, 4.61893762e-03,
       2.30946881e-03, 6.92840666e-03, 4.61893762e-03, 4.61893762e-03,
       2.30946881e-03, 6.92840666e-03, 2.30946881e-03, 0.,
       2.30946881e-03, 6.92840666e-03, 0., 0., 2.30946881e-03,
       4.61893762e-03, 4.61893762e-03, 4.61893762e-03, 4.61893762e-03,
       6.92840666e-03, 0., 2.30946881e-03, 4.61893762e-03,
       2.30946881e-03, 1.84757505e-02, 2.30946881e-03, 4.61893762e-03,
       2.30946881e-03, 2.30946881e-03, 0., 0., 2.30946881e-03,
       2.30946881e-03, 2.30946881e-03, 4.61893762e-03, 6.92840666e-03,
       0., 0., 4.61893762e-03, 9.23787523e-03, 1.15473438e-02,
       1.15473438e-02, 6.92840666e-03, 4.61893762e-03, 2.30946881e-03,
       2.30946881e-03, 2.30946881e-03, 0., 0., 0., 4.61893762e-03,
       4.61893762e-03, 0., 9.23787523e-03, 4.61893762e-03,
       2.30946881e-03, 0., 2.30946881e-03, 0., 1.84757505e-02,
       2.30946881e-03, 0., 0., 0., 0., 2.30946881e-03, 4.61893762e-03,
       6.92840666e-03, 0., 2.30946881e-03, 6.92840666e-03,
       6.92840666e-03, 0., 2.07852200e-02, 2.30946881e-03,
       4.61893762e-03, 0., 9.23787523e-03, 0., 2.30946881e-03,
       1.38568133e-02, 4.61893762e-03 ]
