%YAML:1.0
---
test: !!opencv-matrix
   rows: 1
   cols: 200
   dt: f
   data: [ 7.93650746e-03, 1.85185187e-02, 5.29100513e-03,
       2.64550257e-03, 0., 7.93650746e-03, 2.64550257e-03,
       5.29100513e-03, 1.05820103e-02, 5.29100513e-03, 1.58730149e-02,
       2.91005280e-02, 2.64550257e-03, 5.29100513e-03, 2.11640205e-02,
       2.64550257e-03, 2.64550257e-03, 2.64550257e-03, 2.64550257e-03,
       7.93650746e-03, 1.32275131e-02, 5.29100513e-03, 1.58730149e-02,
       2.64550257e-03, 5.29100513e-03, 7.93650746e-03, 2.64550257e-03,
       5.29100513e-03, 5.29100513e-03, 7.93650746e-03, 5.29100513e-03,
       2.64550257e-03, 2.64550257e-03, 5.29100513e-03, 5.29100513e-03,
       7.93650746e-03, 2.64550257e-03, 5.29100513e-03, 7.93650746e-03,
       0., 1.05820103e-02, 7.93650746e-03, 1.05820103e-02,
       5.29100513e-03, 5.29100513e-03, 2.64550257e-03, 2.64550257e-03,
       5.29100513e-03, 2.64550257e-03, 7.93650746e-03, 2.64550257e-03,
       2.64550257e-03, 2.64550257e-03, 5.29100513e-03, 5.29100513e-03,
       1.05820103e-02, 5.29100513e-03, 5.29100513e-03, 0., 0.,
       5.29100513e-03, 2.64550257e-03, 1.32275131e-02, 5.29100513e-03,
       2.64550257e-03, 2.64550257e-03, 0., 1.32275131e-02,
       2.64550257e-03, 5.29100513e-03, 0., 5.29100513e-03,
       1.32275131e-02, 0., 2.64550257e-03, 1.05820103e-02,
       2.64550257e-03, 7.93650746e-03, 2.64550257e-03, 0.,
       2.64550257e-03, 0., 2.64550257e-03, 2.64550257e-03,
       5.29100513e-03, 2.64550257e-03, 2.64550257e-03, 0.,
       1.58730149e-02, 2.64550257e-03, 7.93650746e-03, 2.64550257e-03,
       2.64550257e-03, 2.64550257e-03, 0., 1.05820103e-02,
       2.64550257e-03, 2.64550257e-03, 2.64550257e-03, 2.64550257e-03,
       7.93650746e-03, 5.29100513e-03, 0., 2.38095224e-02,
       1.05820103e-02, 2.64550257e-03, 2.64550257e-03, 5.29100513e-03,
       2.64550257e-03, 5.29100513e-03, 0., 0., 2.64550257e-03,
       2.64550257e-03, 2.64550257e-03, 2.64550257e-03, 2.64550257e-03,
       5.29100513e-03, 0., 2.64550257e-03, 0., 2.64550257e-03,
       7.93650746e-03, 5.29100513e-03, 5.29100513e-03, 2.64550257e-03,
       5.29100513e-03, 5.29100513e-03, 5.29100513e-03, 2.64550257e-03,
       1.05820103e-02, 5.29100513e-03, 5.29100513e-03, 5.29100513e-03,
       5.29100513e-03, 2.64550257e-03, 2.64550257e-03, 5.29100513e-03,
       2.64550257e-03, 2.64550257e-03, 2.64550257e-03, 5.29100513e-03,
       7.93650746e-03, 2.64550257e-03, 2.64550257e-03, 5.29100513e-03,
       5.29100513e-03, 2.64550257e-03, 2.64550257e-03, 0.,
       5.29100513e-03, 2.64550257e-03, 5.29100513e-03, 7.93650746e-03,
       2.64550257e-03, 5.29100513e-03, 2.64550257e-03, 2.64550257e-03,
       2.64550257e-03, 0., 7.93650746e-03, 2.64550257e-03,
       5.29100513e-03, 5.29100513e-03, 5.29100513e-03, 5.29100513e-03,
       2.64550257e-03, 5.29100513e-03, 2.64550257e-03, 2.64550257e-03,
       5.29100513e-03, 1.05820103e-02, 2.64550257e-03, 2.64550257e-03,
       5.29100513e-03, 0., 7.93650746e-03, 5.29100513e-03, 0.,
       2.64550257e-03, 2.64550257e-03, 0., 0., 1.58730149e-02, 0.,
       2.64550257e-03, 5.29100513e-03, 0., 1.05820103e-02,
       1.05820103e-02, 0., 0., 2.64550257e-03, 1.05820103e-02,
       7.93650746e-03, 5.29100513e-03, 7.93650746e-03, 2.64550257e-03,
       7.93650746e-03, 2.11640205e-02 ]
